MeanSL: [5.7, 5.988, 5.962, 5.946, 5.706, 5.92, 5.784, 6.014, 5.892, 6.002, 5.94, 5.746, 5.944, 6.002, 5.978, 5.792, 5.842, 5.836, 5.82, 5.892];
size: [50.0, 50.0, 50.0, 50.0, 50.0, 50.0, 50.0, 50.0, 50.0, 50.0, 50.0, 50.0, 50.0, 50.0, 50.0, 50.0, 50.0, 50.0, 50.0, 50.0];
VarSL: [0.689795918367347, 0.563118367346939, 0.731383673469388, 0.668248979591837, 0.574044897959184, 0.686122448979592, 0.817289795918367, 0.543269387755102, 0.924016326530612, 0.661424489795919, 0.816326530612245, 0.666616326530612, 0.679657142857143, 0.671220408163265, 0.765832653061224, 0.697893877551021, 0.801669387755102, 0.658269387755102, 0.689387755102041, 0.841567346938776];
MeanSL_Se: [4.88235294117647, 5.12, 5.04545454545455, 4.98666666666667, 5.01578947368421, 5.06, 4.93809523809524, 4.94444444444444, 4.88947368421053, 5.0875, 5.06666666666667, 4.97058823529412, 5.12352941176471, 5.08461538461538, 5.08, 5.03684210526316, 4.92, 4.95, 4.95625, 5.09];
MeanSL_Vi: [6.33333333333333, 6.52105263157895, 6.68333333333333, 6.56842105263158, 6.4, 6.72857142857143, 6.67647058823529, 6.3952380952381, 6.66111111111111, 6.62631578947368, 6.86875, 6.58461538461538, 6.72941176470588, 6.64090909090909, 6.89375, 6.51176470588235, 6.67368421052632, 6.43125, 6.42352941176471, 6.86];
MeanSL_Ve: [5.94444444444444, 6.16875, 5.82380952380952, 6.10625, 5.95789473684211, 5.9952380952381, 6.0, 6.095, 6.29230769230769, 6.18666666666667, 5.99375, 5.86, 5.98125, 5.86, 5.91578947368421, 5.94285714285714, 5.71875, 6.09444444444444, 6.02941176470588, 5.99333333333333];
VarSL_Se: [0.135294117647059, 0.156, 0.132727272727273, 0.158380952380952, 0.132514619883041, 0.119714285714286, 0.14647619047619, 0.157777777777778, 0.122105263157895, 0.109166666666667, 0.123529411764706, 0.142205882352941, 0.158161764705882, 0.11474358974359, 0.150285714285714, 0.118011695906433, 0.0574285714285714, 0.122666666666667, 0.102625, 0.162];
VarSL_Vi: [0.405238095238095, 0.283976608187135, 0.581470588235294, 0.247836257309942, 0.536363636363636, 0.323736263736264, 0.363161764705882, 0.427476190476191, 0.450751633986928, 0.303157894736842, 0.422291666666667, 0.503076923076923, 0.350955882352941, 0.489199134199134, 0.304625, 0.541102941176471, 0.506491228070175, 0.552958333333333, 0.468161764705882, 0.306857142857143];
VarSL_Ve: [0.441437908496732, 0.204958333333333, 0.280904761904762, 0.299291666666667, 0.211461988304094, 0.368476190476191, 0.198181818181818, 0.175236842105263, 0.299102564102564, 0.286952380952381, 0.265958333333333, 0.248842105263158, 0.213625, 0.0725714285714286, 0.292514619883041, 0.265714285714286, 0.214958333333333, 0.158202614379085, 0.367205882352941, 0.484952380952381];
Length_Se: [17.0, 15.0, 11.0, 15.0, 19.0, 15.0, 21.0, 9.0, 19.0, 16.0, 18.0, 17.0, 17.0, 13.0, 15.0, 19.0, 15.0, 16.0, 16.0, 20.0];
Length_Vi: [15.0, 19.0, 18.0, 19.0, 12.0, 14.0, 17.0, 21.0, 18.0, 19.0, 16.0, 13.0, 17.0, 22.0, 16.0, 17.0, 19.0, 16.0, 17.0, 15.0];
Length_Ve: [18.0, 16.0, 21.0, 16.0, 19.0, 21.0, 12.0, 20.0, 13.0, 15.0, 16.0, 20.0, 16.0, 15.0, 19.0, 14.0, 16.0, 18.0, 17.0, 15.0];
DF_WS: [21.807413040466, 31.9042187425741, 25.9230452586195, 31.9873843288495, 14.4851485021322, 21.1794354457408, 25.9415814655682, 24.2736299676247, 25.2731812561182, 30.0842977909089, 22.4740174480765, 17.1476485965775, 27.9866893021209, 32.122907078341, 26.9459597898378, 22.1054369079013, 22.9334425663462, 21.3429646191238, 22.9907191261127, 24.4562858977336];
