MeanSL:6.002;
size:50;
VarSL:0.679791836734694;
MeanSL_Se:5.04;
MeanSL_Vi:6.68;
MeanSL_Ve:6.06;
VarSL_Se:0.158285714285714;
VarSL_Vi:0.231157894736842;
VarSL_Ve:0.255428571428571;
Length_Se:15;
Length_Vi:20;
Length_Ve:15;
DF_WS:32.6245489742094;