MeanSL:5.844;
size:50;
VarSL:0.82414693877551;
MeanSL_Se:4.95;
MeanSL_Vi:6.77692307692308;
MeanSL_Ve:6.18235294117647;
VarSL_Se:0.139473684210526;
VarSL_Vi:0.28025641025641;
VarSL_Ve:0.320294117647059;
Length_Se:20;
Length_Vi:13;
Length_Ve:17;
DF_WS:19.7162322742557;