MeanSL:5.712;
size:50;
VarSL:0.651281632653061;
MeanSL_Se:4.98421052631579;
MeanSL_Vi:6.62727272727273;
MeanSL_Ve:5.9;
VarSL_Se:0.138070175438596;
VarSL_Vi:0.324181818181818;
VarSL_Ve:0.326315789473684;
Length_Se:19;
Length_Vi:11;
Length_Ve:20;
DF_WS:15.0317737705779;