MeanSL:5.914;
size:50;
VarSL:0.648575510204082;
MeanSL_Se:5;
MeanSL_Vi:6.53888888888889;
MeanSL_Ve:5.9;
VarSL_Se:0.236363636363636;
VarSL_Vi:0.429575163398693;
VarSL_Ve:0.253684210526316;
Length_Se:12;
Length_Vi:18;
Length_Ve:20;
DF_WS:27.5932003069045;