MeanSL:5.842;
size:50;
VarSL:0.864526530612245;
MeanSL_Se:4.97647058823529;
MeanSL_Vi:6.62105263157895;
MeanSL_Ve:5.83571428571429;
VarSL_Se:0.211911764705882;
VarSL_Vi:0.595087719298246;
VarSL_Ve:0.307087912087912;
Length_Se:17;
Length_Vi:19;
Length_Ve:14;
DF_WS:29.858296055439;