MeanSL:5.818;
size:50;
VarSL:0.659057142857143;
MeanSL_Se:5.1;
MeanSL_Vi:6.66666666666667;
MeanSL_Ve:5.82941176470588;
VarSL_Se:0.129411764705882;
VarSL_Vi:0.416666666666667;
VarSL_Ve:0.260955882352941;
Length_Se:18;
Length_Vi:15;
Length_Ve:17;
DF_WS:21.0250075230901;