MeanSL:5.816;
size:50;
VarSL:0.816881632653061;
MeanSL_Se:4.88333333333333;
MeanSL_Vi:6.65789473684211;
MeanSL_Ve:5.87692307692308;
VarSL_Se:0.0908823529411764;
VarSL_Vi:0.383684210526316;
VarSL_Ve:0.20025641025641;
Length_Se:18;
Length_Vi:19;
Length_Ve:13;
DF_WS:26.3800932482196;