MeanSL:5.788;
size:50;
VarSL:0.794955102040817;
MeanSL_Se:4.80714285714286;
MeanSL_Vi:6.51052631578947;
MeanSL_Ve:5.78823529411765;
VarSL_Se:0.106868131868132;
VarSL_Vi:0.45766081871345;
VarSL_Ve:0.371102941176471;
Length_Se:14;
Length_Vi:19;
Length_Ve:17;
DF_WS:27.4054439744305;