MeanSL:5.796;
size:50;
VarSL:0.721208163265306;
MeanSL_Se:5.06842105263158;
MeanSL_Vi:6.67142857142857;
MeanSL_Ve:5.88823529411765;
VarSL_Se:0.148947368421053;
VarSL_Vi:0.539120879120879;
VarSL_Ve:0.294852941176471;
Length_Se:19;
Length_Vi:14;
Length_Ve:17;
DF_WS:18.2843973311911;