MeanSL:5.852;
size:50;
VarSL:0.671526530612245;
MeanSL_Se:5.05333333333333;
MeanSL_Vi:6.65;
MeanSL_Ve:5.81052631578947;
VarSL_Se:0.139809523809524;
VarSL_Vi:0.434666666666667;
VarSL_Ve:0.25766081871345;
Length_Se:15;
Length_Vi:16;
Length_Ve:19;
DF_WS:24.0280012958749;