MeanSL:5.946;
size:50;
VarSL:0.692330612244898;
MeanSL_Se:5.05714285714286;
MeanSL_Vi:6.66842105263158;
MeanSL_Ve:5.87058823529412;
VarSL_Se:0.136483516483517;
VarSL_Vi:0.358947368421053;
VarSL_Ve:0.288455882352941;
Length_Se:14;
Length_Vi:19;
Length_Ve:17;
DF_WS:30.2258304088159;