MeanSL:5.934;
size:50;
VarSL:0.570861224489796;
MeanSL_Se:5.07692307692308;
MeanSL_Vi:6.52;
MeanSL_Ve:5.9;
VarSL_Se:0.126923076923077;
VarSL_Vi:0.277473684210526;
VarSL_Ve:0.29625;
Length_Se:13;
Length_Vi:20;
Length_Ve:17;
DF_WS:30.9122242339704;