MeanSL:5.794;
size:50;
VarSL:0.731595918367347;
MeanSL_Se:5.06363636363636;
MeanSL_Vi:6.54705882352941;
MeanSL_Ve:6.09090909090909;
VarSL_Se:0.148138528138528;
VarSL_Vi:0.468897058823529;
VarSL_Ve:0.288909090909091;
Length_Se:22;
Length_Vi:17;
Length_Ve:11;
DF_WS:23.6899358416884;