MeanSL:5.838;
size:50;
VarSL:0.886485714285714;
MeanSL_Se:5.04;
MeanSL_Vi:6.66111111111111;
MeanSL_Ve:5.93333333333333;
VarSL_Se:0.193052631578947;
VarSL_Vi:0.618986928104575;
VarSL_Ve:0.382424242424242;
Length_Se:20;
Length_Vi:18;
Length_Ve:12;
DF_WS:26.0468929798011;