MeanSL:5.932;
size:50;
VarSL:0.794057142857143;
MeanSL_Se:5.00588235294118;
MeanSL_Vi:6.69047619047619;
MeanSL_Ve:5.91666666666667;
VarSL_Se:0.151838235294118;
VarSL_Vi:0.285904761904762;
VarSL_Ve:0.372424242424242;
Length_Se:17;
Length_Vi:21;
Length_Ve:12;
DF_WS:35.6631215285481;