MeanSL:5.866;
size:50;
VarSL:0.729636734693878;
MeanSL_Se:5.01904761904762;
MeanSL_Vi:6.575;
MeanSL_Ve:6.26666666666667;
VarSL_Se:0.107619047619048;
VarSL_Vi:0.268289473684211;
VarSL_Ve:0.2425;
Length_Se:21;
Length_Vi:20;
Length_Ve:9;
DF_WS:31.8711742562588;