MeanSL:5.84;
size:50;
VarSL:0.486938775510204;
MeanSL_Se:5.10666666666667;
MeanSL_Vi:6.32352941176471;
MeanSL_Ve:5.99444444444444;
VarSL_Se:0.17352380952381;
VarSL_Vi:0.229411764705882;
VarSL_Ve:0.311143790849673;
Length_Se:15;
Length_Vi:17;
Length_Ve:18;
DF_WS:29.9968641744295;