MeanSL:5.852;
size:50;
VarSL:0.649893877551021;
MeanSL_Se:5.0125;
MeanSL_Vi:6.52142857142857;
MeanSL_Ve:6.055;
VarSL_Se:0.0905000000000001;
VarSL_Vi:0.581813186813187;
VarSL_Ve:0.239447368421053;
Length_Se:16;
Length_Vi:14;
Length_Ve:20;
DF_WS:16.5144086320565;