MeanSL:5.71;
size:50;
VarSL:0.698469387755102;
MeanSL_Se:4.95;
MeanSL_Vi:6.52307692307692;
MeanSL_Ve:5.87368421052632;
VarSL_Se:0.167352941176471;
VarSL_Vi:0.446923076923077;
VarSL_Ve:0.362046783625731;
Length_Se:18;
Length_Vi:13;
Length_Ve:19;
DF_WS:18.4173919108577;