MeanSL:5.808;
size:50;
VarSL:0.603608163265306;
MeanSL_Se:5.05294117647059;
MeanSL_Vi:6.47777777777778;
MeanSL_Ve:5.86;
VarSL_Se:0.121397058823529;
VarSL_Vi:0.326535947712418;
VarSL_Ve:0.305428571428571;
Length_Se:17;
Length_Vi:18;
Length_Ve:15;
DF_WS:28.3504517082286;