MeanSL:5.886;
size:50;
VarSL:0.508575510204082;
MeanSL_Se:5.12;
MeanSL_Vi:6.47333333333333;
MeanSL_Ve:6.02;
VarSL_Se:0.217428571428571;
VarSL_Vi:0.287809523809524;
VarSL_Ve:0.184842105263158;
Length_Se:15;
Length_Vi:15;
Length_Ve:20;
DF_WS:27.4669974491398;