MeanSL:5.782;
size:50;
VarSL:0.593342857142857;
MeanSL_Se:5;
MeanSL_Vi:6.56428571428571;
MeanSL_Ve:5.86;
VarSL_Se:0.0853333333333333;
VarSL_Vi:0.285549450549451;
VarSL_Ve:0.295157894736842;
Length_Se:16;
Length_Vi:14;
Length_Ve:20;
DF_WS:19.5301441372906;