MeanSL:5.932;
size:50;
VarSL:0.677322448979592;
MeanSL_Se:5.0375;
MeanSL_Vi:6.68235294117647;
MeanSL_Ve:6.02352941176471;
VarSL_Se:0.183833333333333;
VarSL_Vi:0.177794117647059;
VarSL_Ve:0.316911764705882;
Length_Se:16;
Length_Vi:17;
Length_Ve:17;
DF_WS:30.8063785398608;