MeanSL:5.878;
size:50;
VarSL:0.958893877551021;
MeanSL_Se:4.89473684210526;
MeanSL_Vi:6.73888888888889;
MeanSL_Ve:6.12307692307692;
VarSL_Se:0.170526315789474;
VarSL_Vi:0.414281045751634;
VarSL_Ve:0.36525641025641;
Length_Se:19;
Length_Vi:18;
Length_Ve:13;
DF_WS:28.719051321501;