MeanSL:5.808;
size:50;
VarSL:0.517485714285714;
MeanSL_Se:5.07857142857143;
MeanSL_Vi:6.40625;
MeanSL_Ve:5.84;
VarSL_Se:0.114120879120879;
VarSL_Vi:0.392625;
VarSL_Ve:0.252;
Length_Se:14;
Length_Vi:16;
Length_Ve:20;
DF_WS:23.6141109481922;