MeanSL:5.712;
size:50;
VarSL:0.490873469387755;
MeanSL_Se:4.92666666666667;
MeanSL_Vi:6.29230769230769;
MeanSL_Ve:5.90454545454545;
VarSL_Se:0.0835238095238095;
VarSL_Vi:0.174102564102564;
VarSL_Ve:0.302359307359307;
Length_Se:15;
Length_Vi:13;
Length_Ve:22;
DF_WS:20.9489327010969;