MeanSL:5.716;
size:50;
VarSL:0.694024489795918;
MeanSL_Se:5.015;
MeanSL_Vi:6.62666666666667;
MeanSL_Ve:5.74;
VarSL_Se:0.106605263157895;
VarSL_Vi:0.372095238095238;
VarSL_Ve:0.321142857142857;
Length_Se:20;
Length_Vi:15;
Length_Ve:15;
DF_WS:19.9830543165232;