MeanSL:5.722;
size:50;
VarSL:0.674812244897959;
MeanSL_Se:4.90588235294118;
MeanSL_Vi:6.55;
MeanSL_Ve:5.65333333333333;
VarSL_Se:0.125588235294118;
VarSL_Vi:0.262647058823529;
VarSL_Ve:0.204095238095238;
Length_Se:17;
Length_Vi:18;
Length_Ve:15;
DF_WS:30.3151426764139;