MeanSL:5.698;
size:50;
VarSL:0.690404081632653;
MeanSL_Se:4.92777777777778;
MeanSL_Vi:6.42142857142857;
MeanSL_Ve:5.90555555555556;
VarSL_Se:0.153888888888889;
VarSL_Vi:0.632582417582418;
VarSL_Ve:0.247614379084967;
Length_Se:18;
Length_Vi:14;
Length_Ve:18;
DF_WS:17.8949762734998;