MeanSL:5.874;
size:50;
VarSL:0.500738775510204;
MeanSL_Se:5.15625;
MeanSL_Vi:6.5125;
MeanSL_Ve:5.94444444444444;
VarSL_Se:0.106625;
VarSL_Vi:0.3865;
VarSL_Ve:0.13437908496732;
Length_Se:16;
Length_Vi:16;
Length_Ve:18;
DF_WS:22.6908746662276;