MeanSL:5.932;
size:50;
VarSL:0.7512;
MeanSL_Se:5.07368421052632;
MeanSL_Vi:6.75882352941176;
MeanSL_Ve:6.09285714285714;
VarSL_Se:0.10093567251462;
VarSL_Vi:0.335073529411765;
VarSL_Ve:0.280714285714286;
Length_Se:19;
Length_Vi:17;
Length_Ve:14;
DF_WS:24.2229831669892;