MeanSL:5.916;
size:50;
VarSL:0.720555102040816;
MeanSL_Se:4.93076923076923;
MeanSL_Vi:6.48260869565217;
MeanSL_Ve:5.9;
VarSL_Se:0.142307692307692;
VarSL_Vi:0.48695652173913;
VarSL_Ve:0.221538461538462;
Length_Se:13;
Length_Vi:23;
Length_Ve:14;
DF_WS:33.9781433836046;