MeanSL:5.87;
size:50;
VarSL:0.670714285714286;
MeanSL_Se:4.93076923076923;
MeanSL_Vi:6.51666666666667;
MeanSL_Ve:5.9;
VarSL_Se:0.117307692307692;
VarSL_Vi:0.430882352941176;
VarSL_Ve:0.284444444444444;
Length_Se:13;
Length_Vi:18;
Length_Ve:19;
DF_WS:26.8310722001504;