MeanSL:5.788;
size:50;
VarSL:0.738220408163265;
MeanSL_Se:5.01363636363636;
MeanSL_Vi:6.71764705882353;
MeanSL_Ve:5.9;
VarSL_Se:0.0936147186147187;
VarSL_Vi:0.321544117647059;
VarSL_Ve:0.104;
Length_Se:22;
Length_Vi:17;
Length_Ve:11;
DF_WS:23.1174720892903;