MeanSL:5.794;
size:50;
VarSL:0.681391836734694;
MeanSL_Se:5.02631578947368;
MeanSL_Vi:6.52352941176471;
MeanSL_Ve:5.95;
VarSL_Se:0.155380116959064;
VarSL_Vi:0.428161764705882;
VarSL_Ve:0.242692307692308;
Length_Se:19;
Length_Vi:17;
Length_Ve:14;
DF_WS:25.6714750832622;