MeanSL:5.702;
size:50;
VarSL:0.539383673469388;
MeanSL_Se:5.08;
MeanSL_Vi:6.3625;
MeanSL_Ve:5.83571428571429;
VarSL_Se:0.0806315789473685;
VarSL_Vi:0.365166666666667;
VarSL_Ve:0.342472527472527;
Length_Se:20;
Length_Vi:16;
Length_Ve:14;
DF_WS:20.268142446225;