MeanSL:5.934;
size:50;
VarSL:0.633310204081633;
MeanSL_Se:5.18125;
MeanSL_Vi:6.61333333333333;
MeanSL_Ve:6.03157894736842;
VarSL_Se:0.0749583333333333;
VarSL_Vi:0.518380952380952;
VarSL_Ve:0.360058479532164;
Length_Se:16;
Length_Vi:15;
Length_Ve:19;
DF_WS:17.7486275198998;