MeanSL:5.844;
size:50;
VarSL:0.675575510204082;
MeanSL_Se:5.08235294117647;
MeanSL_Vi:6.61176470588235;
MeanSL_Ve:5.8375;
VarSL_Se:0.169044117647059;
VarSL_Vi:0.423602941176471;
VarSL_Ve:0.249166666666667;
Length_Se:17;
Length_Vi:17;
Length_Ve:16;
DF_WS:27.0157378433447;