MeanSL:5.802;
size:50;
VarSL:0.621016326530612;
MeanSL_Se:5.05263157894737;
MeanSL_Vi:6.57333333333333;
MeanSL_Ve:5.96875;
VarSL_Se:0.0992982456140351;
VarSL_Vi:0.344952380952381;
VarSL_Ve:0.251625;
Length_Se:19;
Length_Vi:15;
Length_Ve:16;
DF_WS:20.2719733966958;