MeanSL:5.782;
size:50;
VarSL:0.68354693877551;
MeanSL_Se:4.88666666666667;
MeanSL_Vi:6.52307692307692;
MeanSL_Ve:5.95454545454545;
VarSL_Se:0.149809523809524;
VarSL_Vi:0.531923076923077;
VarSL_Ve:0.247359307359307;
Length_Se:15;
Length_Vi:13;
Length_Ve:22;
DF_WS:17.6706149628111;