MeanSL:5.928;
size:50;
VarSL:0.57715918367347;
MeanSL_Se:5.1;
MeanSL_Vi:6.61764705882353;
MeanSL_Ve:6.01764705882353;
VarSL_Se:0.0840000000000001;
VarSL_Vi:0.172794117647059;
VarSL_Ve:0.316544117647059;
Length_Se:16;
Length_Vi:17;
Length_Ve:17;
DF_WS:28.645310845729;