MeanSL:5.746;
size:50;
VarSL:0.666616326530612;
MeanSL_Se:4.97058823529412;
MeanSL_Vi:6.58461538461538;
MeanSL_Ve:5.86;
VarSL_Se:0.142205882352941;
VarSL_Vi:0.503076923076923;
VarSL_Ve:0.248842105263158;
Length_Se:17;
Length_Vi:13;
Length_Ve:20;
DF_WS:17.1476485965775;