MeanSL:5.824;
size:50;
VarSL:0.887575510204082;
MeanSL_Se:4.92105263157895;
MeanSL_Vi:6.7875;
MeanSL_Ve:5.94;
VarSL_Se:0.13953216374269;
VarSL_Vi:0.379833333333333;
VarSL_Ve:0.338285714285714;
Length_Se:19;
Length_Vi:16;
Length_Ve:15;
DF_WS:23.8165915343216;