MeanSL:5.786;
size:50;
VarSL:0.629391836734694;
MeanSL_Se:4.98;
MeanSL_Vi:6.47222222222222;
MeanSL_Ve:5.77058823529412;
VarSL_Se:0.0902857142857143;
VarSL_Vi:0.457418300653595;
VarSL_Ve:0.223455882352941;
Length_Se:15;
Length_Vi:18;
Length_Ve:17;
DF_WS:24.3481965222485;