MeanSL:5.8;
size:50;
VarSL:0.632244897959184;
MeanSL_Se:5;
MeanSL_Vi:6.57777777777778;
MeanSL_Ve:5.82857142857143;
VarSL_Se:0.134117647058824;
VarSL_Vi:0.175947712418301;
VarSL_Ve:0.252967032967033;
Length_Se:18;
Length_Vi:18;
Length_Ve:14;
DF_WS:33.3922619529729;