MeanSL:5.822;
size:50;
VarSL:0.595220408163265;
MeanSL_Se:5.02666666666667;
MeanSL_Vi:6.34210526315789;
MeanSL_Ve:5.95;
VarSL_Se:0.109238095238095;
VarSL_Vi:0.38812865497076;
VarSL_Ve:0.384;
Length_Se:15;
Length_Vi:19;
Length_Ve:16;
DF_WS:28.4696237116119;