MeanSL:5.866;
size:50;
VarSL:0.761473469387755;
MeanSL_Se:4.95714285714286;
MeanSL_Vi:6.74117647058824;
MeanSL_Ve:5.75263157894737;
VarSL_Se:0.11956043956044;
VarSL_Vi:0.336323529411765;
VarSL_Ve:0.308187134502924;
Length_Se:14;
Length_Vi:17;
Length_Ve:19;
DF_WS:26.6767885989988;