MeanSL:5.954;
size:50;
VarSL:0.729065306122449;
MeanSL_Se:5.075;
MeanSL_Vi:6.725;
MeanSL_Ve:6.05;
VarSL_Se:0.140666666666667;
VarSL_Vi:0.380666666666667;
VarSL_Ve:0.345;
Length_Se:16;
Length_Vi:16;
Length_Ve:18;
DF_WS:24.7539143247284;