MeanSL:5.922;
size:50;
VarSL:0.765016326530612;
MeanSL_Se:4.94615384615385;
MeanSL_Vi:6.635;
MeanSL_Ve:5.82941176470588;
VarSL_Se:0.149358974358974;
VarSL_Vi:0.517131578947368;
VarSL_Ve:0.198455882352941;
Length_Se:13;
Length_Vi:20;
Length_Ve:17;
DF_WS:30.1965206107762;