MeanSL:5.784;
size:50;
VarSL:0.721779591836735;
MeanSL_Se:4.9;
MeanSL_Vi:6.51052631578947;
MeanSL_Ve:5.87142857142857;
VarSL_Se:0.105;
VarSL_Vi:0.398771929824561;
VarSL_Ve:0.237582417582418;
Length_Se:17;
Length_Vi:19;
Length_Ve:14;
DF_WS:27.47617123501;