MeanSL:5.834;
size:50;
VarSL:0.677391836734694;
MeanSL_Se:5.06315789473684;
MeanSL_Vi:6.54117647058824;
MeanSL_Ve:6.02142857142857;
VarSL_Se:0.175789473684211;
VarSL_Vi:0.333823529411765;
VarSL_Ve:0.338736263736264;
Length_Se:19;
Length_Vi:17;
Length_Ve:14;
DF_WS:28.9219963232476;