MeanSL:5.912;
size:50;
VarSL:0.861485714285714;
MeanSL_Se:4.89411764705882;
MeanSL_Vi:6.61428571428571;
MeanSL_Ve:6.125;
VarSL_Se:0.128088235294118;
VarSL_Vi:0.476285714285714;
VarSL_Ve:0.192954545454545;
Length_Se:17;
Length_Vi:21;
Length_Ve:12;
DF_WS:31.1925132105649;