MeanSL:5.854;
size:50;
VarSL:0.713555102040816;
MeanSL_Se:5.02;
MeanSL_Vi:6.59473684210526;
MeanSL_Ve:5.75625;
VarSL_Se:0.118857142857143;
VarSL_Vi:0.396081871345029;
VarSL_Ve:0.343958333333333;
Length_Se:15;
Length_Vi:19;
Length_Ve:16;
DF_WS:28.9134448645067;