MeanSL:5.782;
size:50;
VarSL:0.672934693877551;
MeanSL_Se:4.9625;
MeanSL_Vi:6.60625;
MeanSL_Ve:5.77777777777778;
VarSL_Se:0.0905;
VarSL_Vi:0.359291666666667;
VarSL_Ve:0.271241830065359;
Length_Se:16;
Length_Vi:16;
Length_Ve:18;
DF_WS:22.1057075566946;