MeanSL:6.014;
size:50;
VarSL:0.543269387755102;
MeanSL_Se:4.94444444444444;
MeanSL_Vi:6.3952380952381;
MeanSL_Ve:6.095;
VarSL_Se:0.157777777777778;
VarSL_Vi:0.427476190476191;
VarSL_Ve:0.175236842105263;
Length_Se:9;
Length_Vi:21;
Length_Ve:20;
DF_WS:24.2736299676247;