MeanSL:5.784;
size:50;
VarSL:0.817289795918367;
MeanSL_Se:4.93809523809524;
MeanSL_Vi:6.67647058823529;
MeanSL_Ve:6;
VarSL_Se:0.14647619047619;
VarSL_Vi:0.363161764705882;
VarSL_Ve:0.198181818181818;
Length_Se:21;
Length_Vi:17;
Length_Ve:12;
DF_WS:25.9415814655682;