MeanSL:5.904;
size:50;
VarSL:0.558759183673469;
MeanSL_Se:5.09333333333333;
MeanSL_Vi:6.50625;
MeanSL_Ve:6.03684210526316;
VarSL_Se:0.139238095238095;
VarSL_Vi:0.197958333333333;
VarSL_Ve:0.359122807017544;
Length_Se:15;
Length_Vi:16;
Length_Ve:19;
DF_WS:28.6640039937971;