MeanSL:5.88;
size:50;
VarSL:0.550204081632653;
MeanSL_Se:5.00666666666667;
MeanSL_Vi:6.45294117647059;
MeanSL_Ve:6.06666666666667;
VarSL_Se:0.0792380952380952;
VarSL_Vi:0.245147058823529;
VarSL_Ve:0.251764705882353;
Length_Se:15;
Length_Vi:17;
Length_Ve:18;
DF_WS:25.8976872897322;