MeanSL:5.912;
size:50;
VarSL:0.655771428571429;
MeanSL_Se:5.02941176470588;
MeanSL_Vi:6.64615384615385;
MeanSL_Ve:6.185;
VarSL_Se:0.125955882352941;
VarSL_Vi:0.322692307692308;
VarSL_Ve:0.237131578947368;
Length_Se:17;
Length_Vi:13;
Length_Ve:20;
DF_WS:18.9655120212966;