MeanSL:5.87;
size:50;
VarSL:0.756836734693878;
MeanSL_Se:5.03125;
MeanSL_Vi:6.63888888888889;
MeanSL_Ve:5.84375;
VarSL_Se:0.100958333333333;
VarSL_Vi:0.502516339869281;
VarSL_Ve:0.341291666666667;
Length_Se:16;
Length_Vi:18;
Length_Ve:16;
DF_WS:24.1546243445042;