MeanSL:5.786;
size:50;
VarSL:0.5898;
MeanSL_Se:5.03333333333333;
MeanSL_Vi:6.48;
MeanSL_Ve:5.97058823529412;
VarSL_Se:0.12;
VarSL_Vi:0.327428571428571;
VarSL_Ve:0.267205882352941;
Length_Se:18;
Length_Vi:15;
Length_Ve:17;
DF_WS:22.1554663352824;