MeanSL:5.888;
size:50;
VarSL:0.748424489795918;
MeanSL_Se:4.98666666666667;
MeanSL_Vi:6.62222222222222;
MeanSL_Ve:5.90588235294118;
VarSL_Se:0.15552380952381;
VarSL_Vi:0.448888888888889;
VarSL_Ve:0.310588235294118;
Length_Se:15;
Length_Vi:18;
Length_Ve:17;
DF_WS:28.1630030755914;