MeanSL:5.726;
size:50;
VarSL:0.498697959183673;
MeanSL_Se:5.01875;
MeanSL_Vi:6.42307692307692;
MeanSL_Ve:5.83333333333333;
VarSL_Se:0.157625;
VarSL_Vi:0.136923076923077;
VarSL_Ve:0.293333333333333;
Length_Se:16;
Length_Vi:13;
Length_Ve:21;
DF_WS:26.4408630838548;