MeanSL:5.922;
size:50;
VarSL:0.54950612244898;
MeanSL_Se:5.10833333333333;
MeanSL_Vi:6.47058823529412;
MeanSL_Ve:5.94285714285714;
VarSL_Se:0.159015151515151;
VarSL_Vi:0.422205882352941;
VarSL_Ve:0.267571428571429;
Length_Se:12;
Length_Vi:17;
Length_Ve:21;
DF_WS:26.6099828598744;