MeanSL:5.882;
size:50;
VarSL:0.66354693877551;
MeanSL_Se:4.98125;
MeanSL_Vi:6.58823529411765;
MeanSL_Ve:6.02352941176471;
VarSL_Se:0.0562916666666667;
VarSL_Vi:0.298602941176471;
VarSL_Ve:0.318161764705882;
Length_Se:16;
Length_Vi:17;
Length_Ve:17;
DF_WS:22.1054954985752;