MeanSL:5.868;
size:50;
VarSL:0.754873469387755;
MeanSL_Se:5.015;
MeanSL_Vi:6.51363636363636;
MeanSL_Ve:6.225;
VarSL_Se:0.147657894736842;
VarSL_Vi:0.389805194805195;
VarSL_Ve:0.179285714285714;
Length_Se:20;
Length_Vi:22;
Length_Ve:8;
DF_WS:35.3609068793023;