MeanSL:5.808;
size:50;
VarSL:0.5832;
MeanSL_Se:4.94285714285714;
MeanSL_Vi:6.42631578947368;
MeanSL_Ve:5.82941176470588;
VarSL_Se:0.0918681318681318;
VarSL_Vi:0.389824561403509;
VarSL_Ve:0.163455882352941;
Length_Se:14;
Length_Vi:19;
Length_Ve:17;
DF_WS:27.4651568993574;