MeanSL:5.802;
size:50;
VarSL:0.708363265306123;
MeanSL_Se:4.95882352941176;
MeanSL_Vi:6.57647058823529;
MeanSL_Ve:5.875;
VarSL_Se:0.143823529411765;
VarSL_Vi:0.378161764705883;
VarSL_Ve:0.266;
Length_Se:17;
Length_Vi:17;
Length_Ve:16;
DF_WS:26.6324006647425;