MeanSL:5.814;
size:50;
VarSL:0.630208163265306;
MeanSL_Se:4.93076923076923;
MeanSL_Vi:6.42777777777778;
MeanSL_Ve:5.83684210526316;
VarSL_Se:0.122307692307692;
VarSL_Vi:0.403300653594771;
VarSL_Ve:0.312456140350877;
Length_Se:13;
Length_Vi:18;
Length_Ve:19;
DF_WS:27.4240804675244;