MeanSL:6.014;
size:50;
VarSL:0.763677551020408;
MeanSL_Se:4.97857142857143;
MeanSL_Vi:6.66666666666667;
MeanSL_Ve:6.06666666666667;
VarSL_Se:0.134120879120879;
VarSL_Vi:0.383333333333333;
VarSL_Ve:0.286666666666667;
Length_Se:14;
Length_Vi:21;
Length_Ve:15;
DF_WS:32.6613529419258;