MeanSL:5.768;
size:50;
VarSL:0.623036734693878;
MeanSL_Se:5.04444444444444;
MeanSL_Vi:6.50625;
MeanSL_Ve:5.84375;
VarSL_Se:0.102614379084967;
VarSL_Vi:0.404625;
VarSL_Ve:0.298625;
Length_Se:18;
Length_Vi:16;
Length_Ve:16;
DF_WS:21.5583747595736;