MeanSL:5.868;
size:50;
VarSL:0.600995918367347;
MeanSL_Se:5.09411764705882;
MeanSL_Vi:6.48260869565217;
MeanSL_Ve:5.77;
VarSL_Se:0.0618382352941177;
VarSL_Vi:0.306047430830039;
VarSL_Ve:0.306777777777778;
Length_Se:17;
Length_Vi:23;
Length_Ve:10;
DF_WS:32.3483301343725;