MeanSL:5.83;
size:50;
VarSL:0.582551020408163;
MeanSL_Se:5.16842105263158;
MeanSL_Vi:6.56666666666667;
MeanSL_Ve:5.925;
VarSL_Se:0.138947368421053;
VarSL_Vi:0.335238095238095;
VarSL_Ve:0.316666666666667;
Length_Se:19;
Length_Vi:15;
Length_Ve:16;
DF_WS:22.7652171487725;