MeanSL:5.742;
size:50;
VarSL:0.523710204081633;
MeanSL_Se:5.11818181818182;
MeanSL_Vi:6.50666666666667;
MeanSL_Ve:5.91538461538462;
VarSL_Se:0.112987012987013;
VarSL_Vi:0.220666666666667;
VarSL_Ve:0.206410256410257;
Length_Se:22;
Length_Vi:15;
Length_Ve:13;
DF_WS:23.5665053343219;