MeanSL:5.876;
size:50;
VarSL:0.838595918367347;
MeanSL_Se:5;
MeanSL_Vi:7;
MeanSL_Ve:6.1;
VarSL_Se:0.117894736842105;
VarSL_Vi:0.358181818181818;
VarSL_Ve:0.205882352941176;
Length_Se:20;
Length_Vi:12;
Length_Ve:18;
DF_WS:15.4254631329603;