MeanSL:5.836;
size:50;
VarSL:0.533371428571429;
MeanSL_Se:5.05;
MeanSL_Vi:6.40555555555556;
MeanSL_Ve:5.87777777777778;
VarSL_Se:0.115;
VarSL_Vi:0.251143790849673;
VarSL_Ve:0.344183006535948;
Length_Se:14;
Length_Vi:18;
Length_Ve:18;
DF_WS:29.5263109061494;