MeanSL:5.858;
size:50;
VarSL:0.771057142857143;
MeanSL_Se:5.00555555555556;
MeanSL_Vi:6.63529411764706;
MeanSL_Ve:6;
VarSL_Se:0.146437908496732;
VarSL_Vi:0.569926470588235;
VarSL_Ve:0.18;
Length_Se:18;
Length_Vi:17;
Length_Ve:15;
DF_WS:23.41008222769;