MeanSL:5.808;
size:50;
VarSL:0.65054693877551;
MeanSL_Se:5.02631578947368;
MeanSL_Vi:6.48235294117647;
MeanSL_Ve:6.05;
VarSL_Se:0.0898245614035088;
VarSL_Vi:0.201544117647059;
VarSL_Ve:0.528846153846154;
Length_Se:19;
Length_Vi:17;
Length_Ve:14;
DF_WS:27.4279578552431;