MeanSL:5.87;
size:50;
VarSL:0.836428571428572;
MeanSL_Se:5.03125;
MeanSL_Vi:6.67058823529412;
MeanSL_Ve:5.85882352941176;
VarSL_Se:0.148958333333333;
VarSL_Vi:0.664705882352941;
VarSL_Ve:0.372573529411765;
Length_Se:16;
Length_Vi:17;
Length_Ve:17;
DF_WS:23.1277784365583;