MeanSL:5.77;
size:50;
VarSL:0.731122448979592;
MeanSL_Se:4.96666666666667;
MeanSL_Vi:6.64615384615385;
MeanSL_Ve:5.93157894736842;
VarSL_Se:0.171764705882353;
VarSL_Vi:0.471025641025641;
VarSL_Ve:0.28672514619883;
Length_Se:18;
Length_Vi:13;
Length_Ve:19;
DF_WS:18.2591423483648;