MeanSL:5.648;
size:50;
VarSL:0.597240816326531;
MeanSL_Se:4.94090909090909;
MeanSL_Vi:6.475;
MeanSL_Ve:6;
VarSL_Se:0.124437229437229;
VarSL_Vi:0.180227272727273;
VarSL_Ve:0.232;
Length_Se:22;
Length_Vi:12;
Length_Ve:16;
DF_WS:19.4039313389807;