MeanSL:5.962;
size:50;
VarSL:0.731383673469388;
MeanSL_Se:5.04545454545455;
MeanSL_Vi:6.68333333333333;
MeanSL_Ve:5.82380952380952;
VarSL_Se:0.132727272727273;
VarSL_Vi:0.581470588235294;
VarSL_Ve:0.280904761904762;
Length_Se:11;
Length_Vi:18;
Length_Ve:21;
DF_WS:25.9230452586195;