MeanSL:5.738;
size:50;
VarSL:0.648934693877551;
MeanSL_Se:5.01666666666667;
MeanSL_Vi:6.59285714285714;
MeanSL_Ve:5.79444444444444;
VarSL_Se:0.105;
VarSL_Vi:0.377637362637363;
VarSL_Ve:0.320555555555556;
Length_Se:18;
Length_Vi:14;
Length_Ve:18;
DF_WS:18.5666499788237;