MeanSL:5.816;
size:50;
VarSL:0.510351020408163;
MeanSL_Se:5.06875;
MeanSL_Vi:6.48461538461538;
MeanSL_Ve:5.97142857142857;
VarSL_Se:0.0809583333333334;
VarSL_Vi:0.296410256410257;
VarSL_Ve:0.249142857142857;
Length_Se:16;
Length_Vi:13;
Length_Ve:21;
DF_WS:17.237854991167;