MeanSL:5.934;
size:50;
VarSL:0.733310204081633;
MeanSL_Se:5.02666666666667;
MeanSL_Vi:6.67368421052632;
MeanSL_Ve:5.90625;
VarSL_Se:0.134952380952381;
VarSL_Vi:0.322046783625731;
VarSL_Ve:0.365958333333333;
Length_Se:15;
Length_Vi:19;
Length_Ve:16;
DF_WS:30.9636410040806;