MeanSL:5.842;
size:50;
VarSL:0.72085306122449;
MeanSL_Se:5.01764705882353;
MeanSL_Vi:6.64705882352941;
MeanSL_Ve:5.8625;
VarSL_Se:0.0915441176470588;
VarSL_Vi:0.39764705882353;
VarSL_Ve:0.327833333333333;
Length_Se:17;
Length_Vi:17;
Length_Ve:16;
DF_WS:22.9960806246452;