MeanSL:5.71;
size:50;
VarSL:0.594387755102041;
MeanSL_Se:5.04545454545454;
MeanSL_Vi:6.55;
MeanSL_Ve:5.91428571428571;
VarSL_Se:0.0902164502164502;
VarSL_Vi:0.270384615384616;
VarSL_Ve:0.272087912087912;
Length_Se:22;
Length_Vi:14;
Length_Ve:14;
DF_WS:18.5878712274037;