MeanSL:5.842;
size:50;
VarSL:0.754730612244898;
MeanSL_Se:4.96875;
MeanSL_Vi:6.60666666666667;
MeanSL_Ve:5.97368421052632;
VarSL_Se:0.102291666666667;
VarSL_Vi:0.637809523809524;
VarSL_Ve:0.289824561403509;
Length_Se:16;
Length_Vi:15;
Length_Ve:19;
DF_WS:18.14363574049;