MeanSL:6.034;
size:50;
VarSL:0.732085714285714;
MeanSL_Se:4.99333333333333;
MeanSL_Vi:6.63636363636364;
MeanSL_Ve:6.21538461538462;
VarSL_Se:0.149238095238095;
VarSL_Vi:0.283376623376623;
VarSL_Ve:0.26474358974359;
Length_Se:15;
Length_Vi:22;
Length_Ve:13;
DF_WS:34.8141281828341;