MeanSL:5.91;
size:50;
VarSL:0.717244897959184;
MeanSL_Se:5;
MeanSL_Vi:6.62352941176471;
MeanSL_Ve:5.895;
VarSL_Se:0.085;
VarSL_Vi:0.578161764705882;
VarSL_Ve:0.286815789473684;
Length_Se:13;
Length_Vi:17;
Length_Ve:20;
DF_WS:21.6753052353048;