MeanSL:5.864;
size:50;
VarSL:0.730922448979592;
MeanSL_Se:5.06315789473684;
MeanSL_Vi:6.71176470588235;
MeanSL_Ve:5.92142857142857;
VarSL_Se:0.126900584795322;
VarSL_Vi:0.288602941176471;
VarSL_Ve:0.343351648351648;
Length_Se:19;
Length_Vi:17;
Length_Ve:14;
DF_WS:27.3087657205195;