MeanSL:5.76;
size:50;
VarSL:0.644489795918367;
MeanSL_Se:4.98333333333333;
MeanSL_Vi:6.48095238095238;
MeanSL_Ve:5.65454545454545;
VarSL_Se:0.152058823529412;
VarSL_Vi:0.257619047619048;
VarSL_Ve:0.194727272727273;
Length_Se:18;
Length_Vi:21;
Length_Ve:11;
DF_WS:36.606659079623;