MeanSL:5.686;
size:50;
VarSL:0.709391836734694;
MeanSL_Se:5.0304347826087;
MeanSL_Vi:6.67692307692308;
MeanSL_Ve:5.84285714285714;
VarSL_Se:0.123122529644269;
VarSL_Vi:0.52525641025641;
VarSL_Ve:0.211868131868132;
Length_Se:23;
Length_Vi:13;
Length_Ve:14;
DF_WS:15.2444316952791;