MeanSL:5.874;
size:50;
VarSL:0.631759183673469;
MeanSL_Se:5.06470588235294;
MeanSL_Vi:6.535;
MeanSL_Ve:5.91538461538462;
VarSL_Se:0.0924264705882353;
VarSL_Vi:0.369763157894737;
VarSL_Ve:0.213076923076923;
Length_Se:17;
Length_Vi:20;
Length_Ve:13;
DF_WS:28.8546550952348;