MeanSL:5.83;
size:50;
VarSL:0.742959183673469;
MeanSL_Se:4.91875;
MeanSL_Vi:6.55294117647059;
MeanSL_Ve:5.96470588235294;
VarSL_Se:0.121625;
VarSL_Vi:0.455147058823529;
VarSL_Ve:0.301176470588235;
Length_Se:16;
Length_Vi:17;
Length_Ve:17;
DF_WS:24.2869733631202;