MeanSL:5.826;
size:50;
VarSL:0.64645306122449;
MeanSL_Se:4.94375;
MeanSL_Vi:6.44210526315789;
MeanSL_Ve:5.98666666666667;
VarSL_Se:0.134625;
VarSL_Vi:0.23812865497076;
VarSL_Ve:0.379809523809524;
Length_Se:16;
Length_Vi:19;
Length_Ve:15;
DF_WS:32.6321717706443;