MeanSL:5.888;
size:50;
VarSL:0.820669387755102;
MeanSL_Se:5.01578947368421;
MeanSL_Vi:6.87142857142857;
MeanSL_Ve:6.05294117647059;
VarSL_Se:0.11140350877193;
VarSL_Vi:0.348351648351648;
VarSL_Ve:0.326397058823529;
Length_Se:19;
Length_Vi:14;
Length_Ve:17;
DF_WS:19.0832870284942;