MeanSL:5.788;
size:50;
VarSL:0.729648979591837;
MeanSL_Se:5.00952380952381;
MeanSL_Vi:6.48;
MeanSL_Ve:6.21428571428571;
VarSL_Se:0.173904761904762;
VarSL_Vi:0.473142857142857;
VarSL_Ve:0.245934065934066;
Length_Se:21;
Length_Vi:15;
Length_Ve:14;
DF_WS:21.2888615595454;