MeanSL:5.864;
size:50;
VarSL:0.729289795918367;
MeanSL_Se:5.07777777777778;
MeanSL_Vi:6.74666666666667;
MeanSL_Ve:5.91764705882353;
VarSL_Se:0.0888888888888889;
VarSL_Vi:0.481238095238095;
VarSL_Ve:0.289044117647059;
Length_Se:18;
Length_Vi:15;
Length_Ve:17;
DF_WS:18.2848024476603;