MeanSL:5.836;
size:50;
VarSL:0.658269387755102;
MeanSL_Se:4.95;
MeanSL_Vi:6.43125;
MeanSL_Ve:6.09444444444444;
VarSL_Se:0.122666666666667;
VarSL_Vi:0.552958333333333;
VarSL_Ve:0.158202614379085;
Length_Se:16;
Length_Vi:16;
Length_Ve:18;
DF_WS:21.3429646191238;