MeanSL:5.63;
size:50;
VarSL:0.57765306122449;
MeanSL_Se:4.88947368421053;
MeanSL_Vi:6.33076923076923;
MeanSL_Ve:5.90555555555556;
VarSL_Se:0.125438596491228;
VarSL_Vi:0.200641025641026;
VarSL_Ve:0.321732026143791;
Length_Se:19;
Length_Vi:13;
Length_Ve:18;
DF_WS:21.8024209366712;