MeanSL:5.972;
size:50;
VarSL:0.72654693877551;
MeanSL_Se:5.05;
MeanSL_Vi:6.68333333333333;
MeanSL_Ve:6.09375;
VarSL_Se:0.129333333333333;
VarSL_Vi:0.416764705882353;
VarSL_Ve:0.241958333333333;
Length_Se:16;
Length_Vi:18;
Length_Ve:16;
DF_WS:27.186616362397;