MeanSL:5.74;
size:50;
VarSL:0.677551020408163;
MeanSL_Se:4.9;
MeanSL_Vi:6.62142857142857;
MeanSL_Ve:5.795;
VarSL_Se:0.0533333333333334;
VarSL_Vi:0.32489010989011;
VarSL_Ve:0.313131578947369;
Length_Se:16;
Length_Vi:14;
Length_Ve:20;
DF_WS:16.704124575149;