MeanSL:5.946;
size:50;
VarSL:0.609881632653061;
MeanSL_Se:5.1;
MeanSL_Vi:6.5;
MeanSL_Ve:5.96;
VarSL_Se:0.0676923076923077;
VarSL_Vi:0.457;
VarSL_Ve:0.242571428571429;
Length_Se:14;
Length_Vi:21;
Length_Ve:15;
DF_WS:27.7659507001665;