MeanSL:5.882;
size:50;
VarSL:0.673342857142857;
MeanSL_Se:4.96;
MeanSL_Vi:6.4952380952381;
MeanSL_Ve:5.95;
VarSL_Se:0.102571428571429;
VarSL_Vi:0.306476190476191;
VarSL_Ve:0.362692307692308;
Length_Se:15;
Length_Vi:21;
Length_Ve:14;
DF_WS:32.8348919277472;