MeanSL:5.788;
size:50;
VarSL:0.566791836734694;
MeanSL_Se:5.05882352941176;
MeanSL_Vi:6.5;
MeanSL_Ve:5.80625;
VarSL_Se:0.0800735294117648;
VarSL_Vi:0.31375;
VarSL_Ve:0.253958333333333;
Length_Se:17;
Length_Vi:17;
Length_Ve:16;
DF_WS:23.6674473179015;