MeanSL:5.698;
size:50;
VarSL:0.652036734693878;
MeanSL_Se:5;
MeanSL_Vi:6.61666666666667;
MeanSL_Ve:5.86111111111111;
VarSL_Se:0.116842105263158;
VarSL_Vi:0.388787878787879;
VarSL_Ve:0.30016339869281;
Length_Se:20;
Length_Vi:12;
Length_Ve:18;
DF_WS:15.0415005782432;