MeanSL:5.86;
size:50;
VarSL:0.571428571428572;
MeanSL_Se:5.0375;
MeanSL_Vi:6.5625;
MeanSL_Ve:5.96666666666667;
VarSL_Se:0.0825;
VarSL_Vi:0.297166666666667;
VarSL_Ve:0.198823529411765;
Length_Se:16;
Length_Vi:16;
Length_Ve:18;
DF_WS:22.7326718678175;