MeanSL:6.002;
size:50;
VarSL:0.661424489795919;
MeanSL_Se:5.0875;
MeanSL_Vi:6.62631578947368;
MeanSL_Ve:6.18666666666667;
VarSL_Se:0.109166666666667;
VarSL_Vi:0.303157894736842;
VarSL_Ve:0.286952380952381;
Length_Se:16;
Length_Vi:19;
Length_Ve:15;
DF_WS:30.0842977909089;