MeanSL:5.966;
size:50;
VarSL:0.632085714285714;
MeanSL_Se:5;
MeanSL_Vi:6.65882352941177;
MeanSL_Ve:6.005;
VarSL_Se:0.0733333333333333;
VarSL_Vi:0.362573529411765;
VarSL_Ve:0.208921052631579;
Length_Se:13;
Length_Vi:17;
Length_Ve:20;
DF_WS:23.4003554470178;