MeanSL:5.878;
size:50;
VarSL:0.546240816326531;
MeanSL_Se:5.04615384615385;
MeanSL_Vi:6.54285714285714;
MeanSL_Ve:5.94347826086956;
VarSL_Se:0.101025641025641;
VarSL_Vi:0.331868131868132;
VarSL_Ve:0.270750988142292;
Length_Se:13;
Length_Vi:14;
Length_Ve:23;
DF_WS:20.5304257975851;