MeanSL:5.836;
size:50;
VarSL:0.833371428571429;
MeanSL_Se:4.92941176470588;
MeanSL_Vi:6.72352941176471;
MeanSL_Ve:5.85625;
VarSL_Se:0.120955882352941;
VarSL_Vi:0.425661764705882;
VarSL_Ve:0.314625;
Length_Se:17;
Length_Vi:17;
Length_Ve:16;
DF_WS:24.4137270447025;