MeanSL:5.654;
size:50;
VarSL:0.576412244897959;
MeanSL_Se:5.01428571428571;
MeanSL_Vi:6.45;
MeanSL_Ve:5.88235294117647;
VarSL_Se:0.0812857142857143;
VarSL_Vi:0.491818181818182;
VarSL_Ve:0.257794117647059;
Length_Se:21;
Length_Vi:12;
Length_Ve:17;
DF_WS:13.1115477860221;