MeanSL:5.648;
size:50;
VarSL:0.655608163265306;
MeanSL_Se:4.92857142857143;
MeanSL_Vi:6.525;
MeanSL_Ve:5.91764705882353;
VarSL_Se:0.0911428571428571;
VarSL_Vi:0.320227272727273;
VarSL_Ve:0.340294117647059;
Length_Se:21;
Length_Vi:12;
Length_Ve:17;
DF_WS:14.6558202662754;