MeanSL:5.794;
size:50;
VarSL:0.646289795918367;
MeanSL_Se:4.97647058823529;
MeanSL_Vi:6.57647058823529;
MeanSL_Ve:5.83125;
VarSL_Se:0.0781617647058824;
VarSL_Vi:0.246911764705882;
VarSL_Ve:0.311625;
Length_Se:17;
Length_Vi:17;
Length_Ve:16;
DF_WS:25.2071984074328;