MeanSL:5.748;
size:50;
VarSL:0.510710204081633;
MeanSL_Se:5.08888888888889;
MeanSL_Vi:6.3875;
MeanSL_Ve:5.85;
VarSL_Se:0.159869281045752;
VarSL_Vi:0.3225;
VarSL_Ve:0.196;
Length_Se:18;
Length_Vi:16;
Length_Ve:16;
DF_WS:26.5782245579622;