MeanSL:5.892;
size:50;
VarSL:0.924016326530612;
MeanSL_Se:4.88947368421053;
MeanSL_Vi:6.66111111111111;
MeanSL_Ve:6.29230769230769;
VarSL_Se:0.122105263157895;
VarSL_Vi:0.450751633986928;
VarSL_Ve:0.299102564102564;
Length_Se:19;
Length_Vi:18;
Length_Ve:13;
DF_WS:25.2731812561182;