MeanSL:5.946;
size:50;
VarSL:0.656820408163265;
MeanSL_Se:5.04615384615385;
MeanSL_Vi:6.61;
MeanSL_Ve:5.85294117647059;
VarSL_Se:0.0826923076923078;
VarSL_Vi:0.372526315789474;
VarSL_Ve:0.288897058823529;
Length_Se:13;
Length_Vi:20;
Length_Ve:17;
DF_WS:28.8632352100401;