MeanSL:5.856;
size:50;
VarSL:0.760065306122449;
MeanSL_Se:4.9;
MeanSL_Vi:6.565;
MeanSL_Ve:5.93571428571429;
VarSL_Se:0.125333333333333;
VarSL_Vi:0.237131578947368;
VarSL_Ve:0.468626373626374;
Length_Se:16;
Length_Vi:20;
Length_Ve:14;
DF_WS:33.7428979089718;