MeanSL:5.818;
size:50;
VarSL:0.607628571428571;
MeanSL_Se:5.08125;
MeanSL_Vi:6.57333333333333;
MeanSL_Ve:5.84210526315789;
VarSL_Se:0.0989583333333334;
VarSL_Vi:0.472095238095238;
VarSL_Ve:0.245906432748538;
Length_Se:16;
Length_Vi:15;
Length_Ve:19;
DF_WS:19.3457630106305;