MeanSL:5.802;
size:50;
VarSL:0.767138775510204;
MeanSL_Se:4.98947368421053;
MeanSL_Vi:6.72307692307692;
MeanSL_Ve:5.99444444444444;
VarSL_Se:0.192105263157895;
VarSL_Vi:0.393589743589744;
VarSL_Ve:0.304084967320261;
Length_Se:19;
Length_Vi:13;
Length_Ve:18;
DF_WS:19.8754321997502;