MeanSL:5.732;
size:50;
VarSL:0.722220408163265;
MeanSL_Se:5.08333333333333;
MeanSL_Vi:6.68571428571429;
MeanSL_Ve:5.91666666666667;
VarSL_Se:0.113623188405797;
VarSL_Vi:0.453626373626374;
VarSL_Ve:0.330606060606061;
Length_Se:24;
Length_Vi:14;
Length_Ve:12;
DF_WS:16.8728425820763;