MeanSL:5.718;
size:50;
VarSL:0.634975510204082;
MeanSL_Se:4.91666666666667;
MeanSL_Vi:6.35789473684211;
MeanSL_Ve:5.89230769230769;
VarSL_Se:0.116764705882353;
VarSL_Vi:0.369239766081871;
VarSL_Ve:0.229102564102564;
Length_Se:18;
Length_Vi:19;
Length_Ve:13;
DF_WS:28.6431360927316;