MeanSL:5.964;
size:50;
VarSL:0.842759183673469;
MeanSL_Se:4.96666666666667;
MeanSL_Vi:6.76842105263158;
MeanSL_Ve:5.94375;
VarSL_Se:0.16952380952381;
VarSL_Vi:0.361169590643275;
VarSL_Ve:0.346625;
Length_Se:15;
Length_Vi:19;
Length_Ve:16;
DF_WS:31.4657602684128;