MeanSL:5.618;
size:50;
VarSL:0.653751020408163;
MeanSL_Se:4.94347826086956;
MeanSL_Vi:6.54166666666667;
MeanSL_Ve:5.91333333333333;
VarSL_Se:0.117114624505929;
VarSL_Vi:0.19719696969697;
VarSL_Ve:0.376952380952381;
Length_Se:23;
Length_Vi:12;
Length_Ve:15;
DF_WS:18.0085174339836;