MeanSL:5.9;
size:50;
VarSL:0.753877551020408;
MeanSL_Se:4.97857142857143;
MeanSL_Vi:6.58947368421053;
MeanSL_Ve:5.88823529411765;
VarSL_Se:0.0602747252747253;
VarSL_Vi:0.579883040935673;
VarSL_Ve:0.299852941176471;
Length_Se:14;
Length_Vi:19;
Length_Ve:17;
DF_WS:22.8081096414748;