MeanSL:5.716;
size:50;
VarSL:0.578922448979592;
MeanSL_Se:4.93529411764706;
MeanSL_Vi:6.56923076923077;
MeanSL_Ve:5.825;
VarSL_Se:0.0836764705882353;
VarSL_Vi:0.173974358974359;
VarSL_Ve:0.25671052631579;
Length_Se:17;
Length_Vi:13;
Length_Ve:20;
DF_WS:20.3825697514185;