MeanSL:5.912;
size:50;
VarSL:0.623934693877551;
MeanSL_Se:5.05;
MeanSL_Vi:6.61764705882353;
MeanSL_Ve:6.01764705882353;
VarSL_Se:0.0933333333333334;
VarSL_Vi:0.305294117647059;
VarSL_Ve:0.234044117647059;
Length_Se:16;
Length_Vi:17;
Length_Ve:17;
DF_WS:25.2417033614374;