MeanSL:5.702;
size:50;
VarSL:0.672036734693877;
MeanSL_Se:4.98888888888889;
MeanSL_Vi:6.725;
MeanSL_Ve:5.89583333333333;
VarSL_Se:0.0398692810457516;
VarSL_Vi:1.05642857142857;
VarSL_Ve:0.279547101449275;
Length_Se:18;
Length_Vi:8;
Length_Ve:24;
DF_WS:7.23595582827281;