MeanSL:5.812;
size:50;
VarSL:0.545975510204082;
MeanSL_Se:5.09411764705882;
MeanSL_Vi:6.33529411764706;
MeanSL_Ve:6.01875;
VarSL_Se:0.143088235294118;
VarSL_Vi:0.359926470588235;
VarSL_Ve:0.306958333333333;
Length_Se:17;
Length_Vi:17;
Length_Ve:16;
DF_WS:26.9853714911676;