MeanSL:5.838;
size:50;
VarSL:0.680363265306123;
MeanSL_Se:5.00588235294118;
MeanSL_Vi:6.48333333333333;
MeanSL_Ve:6.00666666666667;
VarSL_Se:0.126838235294118;
VarSL_Vi:0.456764705882353;
VarSL_Ve:0.274952380952381;
Length_Se:17;
Length_Vi:18;
Length_Ve:15;
DF_WS:26.0716713198737;