MeanSL:5.826;
size:50;
VarSL:0.722371428571429;
MeanSL_Se:5.03809523809524;
MeanSL_Vi:6.61875;
MeanSL_Ve:6.12307692307692;
VarSL_Se:0.128476190476191;
VarSL_Vi:0.414958333333333;
VarSL_Ve:0.196923076923077;
Length_Se:21;
Length_Vi:16;
Length_Ve:13;
DF_WS:21.9936472391298;