MeanSL:5.8;
size:50;
VarSL:0.681632653061225;
MeanSL_Se:4.94375;
MeanSL_Vi:6.69285714285714;
MeanSL_Ve:5.86;
VarSL_Se:0.094625;
VarSL_Vi:0.409945054945055;
VarSL_Ve:0.194105263157895;
Length_Se:16;
Length_Vi:14;
Length_Ve:20;
DF_WS:18.1402204386503;