MeanSL:5.758;
size:50;
VarSL:0.742077551020408;
MeanSL_Se:4.9;
MeanSL_Vi:6.61666666666667;
MeanSL_Ve:5.82307692307692;
VarSL_Se:0.121111111111111;
VarSL_Vi:0.261470588235294;
VarSL_Ve:0.201923076923077;
Length_Se:19;
Length_Vi:18;
Length_Ve:13;
DF_WS:29.7777610524407;