MeanSL:5.754;
size:50;
VarSL:0.671922448979592;
MeanSL_Se:4.9875;
MeanSL_Vi:6.46666666666667;
MeanSL_Ve:5.83684210526316;
VarSL_Se:0.193166666666667;
VarSL_Vi:0.523809523809524;
VarSL_Ve:0.308011695906433;
Length_Se:16;
Length_Vi:15;
Length_Ve:19;
DF_WS:22.8091217132611;