MeanSL:5.658;
size:50;
VarSL:0.504934693877551;
MeanSL_Se:5.01;
MeanSL_Vi:6.34666666666667;
MeanSL_Ve:5.83333333333333;
VarSL_Se:0.0735789473684211;
VarSL_Vi:0.348380952380952;
VarSL_Ve:0.178095238095238;
Length_Se:20;
Length_Vi:15;
Length_Ve:15;
DF_WS:18.4455052866853;