MeanSL:5.69;
size:50;
VarSL:0.471530612244898;
MeanSL_Se:5.11904761904762;
MeanSL_Vi:6.41818181818182;
MeanSL_Ve:5.91111111111111;
VarSL_Se:0.145619047619048;
VarSL_Vi:0.277636363636364;
VarSL_Ve:0.226928104575164;
Length_Se:21;
Length_Vi:11;
Length_Ve:18;
DF_WS:15.6585610427359;