MeanSL:5.916;
size:50;
VarSL:0.701779591836735;
MeanSL_Se:5.05714285714286;
MeanSL_Vi:6.64;
MeanSL_Ve:5.7625;
VarSL_Se:0.148791208791209;
VarSL_Vi:0.404631578947368;
VarSL_Ve:0.2385;
Length_Se:14;
Length_Vi:20;
Length_Ve:16;
DF_WS:31.5003879352406;