MeanSL:5.772;
size:50;
VarSL:0.535526530612245;
MeanSL_Se:5.10526315789474;
MeanSL_Vi:6.48181818181818;
MeanSL_Ve:6.015;
VarSL_Se:0.110526315789474;
VarSL_Vi:0.355636363636364;
VarSL_Ve:0.290815789473684;
Length_Se:19;
Length_Vi:11;
Length_Ve:20;
DF_WS:13.6763227701148;