MeanSL:5.746;
size:50;
VarSL:0.699677551020408;
MeanSL_Se:4.955;
MeanSL_Vi:6.5;
MeanSL_Ve:6.04666666666667;
VarSL_Se:0.105763157894737;
VarSL_Vi:0.545714285714286;
VarSL_Ve:0.159809523809524;
Length_Se:20;
Length_Vi:15;
Length_Ve:15;
DF_WS:18.0842007492421;