MeanSL:5.826;
size:50;
VarSL:0.608902040816327;
MeanSL_Se:5.08666666666667;
MeanSL_Vi:6.49444444444444;
MeanSL_Ve:5.77058823529412;
VarSL_Se:0.144095238095238;
VarSL_Vi:0.474673202614379;
VarSL_Ve:0.215955882352941;
Length_Se:15;
Length_Vi:18;
Length_Ve:17;
DF_WS:27.2504208424256;