MeanSL:5.872;
size:50;
VarSL:0.720016326530612;
MeanSL_Se:5.05294117647059;
MeanSL_Vi:6.60588235294118;
MeanSL_Ve:5.9625;
VarSL_Se:0.160147058823529;
VarSL_Vi:0.496838235294118;
VarSL_Ve:0.271833333333333;
Length_Se:17;
Length_Vi:17;
Length_Ve:16;
DF_WS:25.3438298208877;