MeanSL:5.914;
size:50;
VarSL:0.638371428571429;
MeanSL_Se:5.08888888888889;
MeanSL_Vi:6.69411764705882;
MeanSL_Ve:6.02;
VarSL_Se:0.0928104575163399;
VarSL_Vi:0.174338235294118;
VarSL_Ve:0.296;
Length_Se:18;
Length_Vi:17;
Length_Ve:15;
DF_WS:29.1890346740318;