MeanSL:5.838;
size:50;
VarSL:0.673832653061225;
MeanSL_Se:4.975;
MeanSL_Vi:6.52105263157895;
MeanSL_Ve:5.89333333333333;
VarSL_Se:0.0846666666666667;
VarSL_Vi:0.423976608187135;
VarSL_Ve:0.234952380952381;
Length_Se:16;
Length_Vi:19;
Length_Ve:15;
DF_WS:25.8076995997441;