MeanSL:5.94;
size:50;
VarSL:0.816326530612245;
MeanSL_Se:5.06666666666667;
MeanSL_Vi:6.86875;
MeanSL_Ve:5.99375;
VarSL_Se:0.123529411764706;
VarSL_Vi:0.422291666666667;
VarSL_Ve:0.265958333333333;
Length_Se:18;
Length_Vi:16;
Length_Ve:16;
DF_WS:22.4740174480765;