MeanSL:5.9;
size:50;
VarSL:0.749387755102041;
MeanSL_Se:4.975;
MeanSL_Vi:6.65;
MeanSL_Ve:5.88571428571429;
VarSL_Se:0.0966666666666667;
VarSL_Vi:0.415263157894737;
VarSL_Ve:0.187472527472527;
Length_Se:16;
Length_Vi:20;
Length_Ve:14;
DF_WS:28.5988016865313;